M&N	K	Batches	MB	Iterations	Gflops
64	64	1	0	10000	41.13
64	64	2	0	10000	82.63
64	64	4	0	10000	163.11
64	64	8	0	10000	331.33
64	64	16	0	10000	666.06
64	64	32	0	10000	1319.99
64	64	64	1	10000	2054.67
64	64	128	3	10000	2433.98
64	64	256	6	10000	2809.41
64	64	512	12	10000	3170.22
64	64	1024	24	10000	3404.25
64	64	2048	48	5120	3508.81
64	64	4096	96	2560	3590.39
128	64	1	0	10000	249.99
128	64	2	0	10000	503.14
128	64	4	0	10000	1005.12
128	64	8	0	10000	2002.27
128	64	16	1	10000	2844.59
128	64	32	2	10000	3319.24
128	64	64	4	10000	3481.69
128	64	128	8	10000	3857.34
128	64	256	16	10000	4060.11
128	64	512	32	5120	4168.43
128	64	1024	64	2560	4251.1
128	64	2048	128	1280	4286.87
128	64	4096	256	640	4303.55
256	64	1	0	10000	1359.78
256	64	2	0	10000	2700.07
256	64	4	0	10000	3529.72
256	64	8	1	10000	3913.89
256	64	16	3	10000	3894.23
256	64	32	6	10000	4166.73
256	64	64	12	10000	4382.8
256	64	128	24	5120	4454.44
256	64	256	48	2560	4520.76
256	64	512	96	1280	4551.48
256	64	1024	192	640	4548.36
256	64	2048	384	320	4538.17
256	64	4096	768	160	4542.23
512	64	1	0	10000	4016.44
512	64	2	1	10000	4272.72
512	64	4	2	10000	4111.2
512	64	8	5	10000	4340.3
512	64	16	10	10000	4539.35
512	64	32	20	5120	4585.61
512	64	64	40	2560	4619.31
512	64	128	80	1280	4646.58
512	64	256	160	640	4659.12
512	64	512	320	320	4670.41
512	64	1024	640	160	4676.56
1024	64	1	2	10000	4522.45
1024	64	2	4	10000	4445.71
1024	64	4	9	10000	4548.65
1024	64	8	18	5120	4638.16
1024	64	16	36	2560	4687.86
1024	64	32	72	1280	4713.56
1024	64	64	144	640	4725.5
1024	64	128	288	320	4730.39
1024	64	256	576	160	4734.29
64	128	1	0	10000	41.41
64	128	2	0	10000	82.34
64	128	4	0	10000	163.72
64	128	8	0	10000	331.7
64	128	16	0	10000	666.46
64	128	32	1	10000	1313.55
64	128	64	2	10000	2059.7
64	128	128	5	10000	2436.76
64	128	256	10	10000	2805.64
64	128	512	20	10000	3171.3
64	128	1024	40	5120	3406.3
64	128	2048	80	2560	3509.5
64	128	4096	160	1280	3586.3
128	128	1	0	10000	249.1
128	128	2	0	10000	504.28
128	128	4	0	10000	1009.82
128	128	8	0	10000	2003.9
128	128	16	1	10000	2843.55
128	128	32	3	10000	3316.69
128	128	64	6	10000	3478.42
128	128	128	12	10000	3854.07
128	128	256	24	5120	4037.4
128	128	512	48	2560	4179.46
128	128	1024	96	1280	4253.46
128	128	2048	192	640	4286.06
128	128	4096	384	320	4302.53
256	128	1	0	10000	1343.93
256	128	2	0	10000	2699.25
256	128	4	1	10000	3527.6
256	128	8	2	10000	3911.46
256	128	16	4	10000	3889.22
256	128	32	8	10000	4194.19
256	128	64	16	5120	4380.2
256	128	128	32	2560	4487.22
256	128	256	64	1280	4540.35
256	128	512	128	640	4567.43
256	128	1024	256	320	4579.87
256	128	2048	512	160	4570.99
256	128	4096	1024	80	4548.37
512	128	1	0	10000	3990.57
512	128	2	1	10000	4223.9
512	128	4	3	10000	4111.31
512	128	8	6	10000	4350.5
512	128	16	12	5120	4473.46
512	128	32	24	2560	4570.12
512	128	64	48	1280	4618.89
512	128	128	96	640	4647.02
512	128	256	192	320	4659.56
512	128	512	384	160	4664.83
512	128	1024	768	80	4680.22
1024	128	1	2	10000	4521.12
1024	128	2	5	10000	4443.51
1024	128	4	10	5120	4548.51
1024	128	8	20	2560	4638.89
1024	128	16	40	1280	4688.74
1024	128	32	80	640	4713.46
1024	128	64	160	320	4725.08
1024	128	128	320	160	4730.89
1024	128	256	640	80	4734.43
64	256	1	0	10000	41.22
64	256	2	0	10000	82.67
64	256	4	0	10000	163.73
64	256	8	0	10000	332
64	256	16	1	10000	663.34
64	256	32	2	10000	1319.92
64	256	64	4	10000	2059.79
64	256	128	9	10000	2437.43
64	256	256	18	10000	2808.64
64	256	512	36	5120	3169.98
64	256	1024	72	2560	3405.98
64	256	2048	144	1280	3513.84
64	256	4096	288	640	3592.23
128	256	1	0	10000	248.43
128	256	2	0	10000	503.81
128	256	4	0	10000	1009.94
128	256	8	1	10000	2003.1
128	256	16	2	10000	2840.48
128	256	32	5	10000	3317.55
128	256	64	10	10000	3478.99
128	256	128	20	5120	3852.63
128	256	256	40	2560	4058.77
128	256	512	80	1280	4190.65
128	256	1024	160	640	4246.25
128	256	2048	320	320	4276.87
128	256	4096	640	160	4303.11
256	256	1	0	10000	1347.65
256	256	2	0	10000	2701.26
256	256	4	1	10000	3531.22
256	256	8	3	10000	3912.8
256	256	16	6	10000	3894.79
256	256	32	12	5120	4203.75
256	256	64	24	2560	4382.82
256	256	128	48	1280	4487.72
256	256	256	96	640	4541.27
256	256	512	192	320	4567.92
256	256	1024	384	160	4576.88
256	256	2048	768	80	4583.7
256	256	4096	1536	40	4580.76
512	256	1	1	10000	3978.29
512	256	2	2	10000	4271.78
512	256	4	4	10000	4113.65
512	256	8	8	5120	4377.28
512	256	16	16	2560	4541.21
512	256	32	32	1280	4602.01
512	256	64	64	640	4618.88
512	256	128	128	320	4645.99
512	256	256	256	160	4658.52
512	256	512	512	80	4705.41
512	256	1024	1024	40	4690.61
1024	256	1	3	10000	4517.18
1024	256	2	6	5120	4440.4
1024	256	4	12	2560	4548.17
1024	256	8	24	1280	4637.57
1024	256	16	48	640	4688.05
1024	256	32	96	320	4713.12
1024	256	64	192	160	4725.2
1024	256	128	384	80	4731.16
1024	256	256	768	40	4735.5
64	512	1	0	10000	41.44
64	512	2	0	10000	82.65
64	512	4	0	10000	163.84
64	512	8	1	10000	330.15
64	512	16	2	10000	666.39
64	512	32	4	10000	1318.97
64	512	64	8	10000	2057.69
64	512	128	17	10000	2434.16
64	512	256	34	5120	2801.69
64	512	512	68	2560	3168.31
64	512	1024	136	1280	3408.6
64	512	2048	272	640	3513.14
64	512	4096	544	320	3591.53
128	512	1	0	10000	249.74
128	512	2	0	10000	504.14
128	512	4	1	10000	1006.62
128	512	8	2	10000	1995.36
128	512	16	4	10000	2843.79
128	512	32	9	10000	3318.34
128	512	64	18	5120	3477.24
128	512	128	36	2560	3855.86
128	512	256	72	1280	4063.41
128	512	512	144	640	4194.28
128	512	1024	288	320	4256.34
128	512	2048	576	160	4287.94
128	512	4096	1152	80	4304.09
256	512	1	0	10000	1347.5
256	512	2	1	10000	2700.15
256	512	4	2	10000	3529.69
256	512	8	5	10000	3911.59
256	512	16	10	5120	3893.27
256	512	32	20	2560	4204.08
256	512	64	40	1280	4384.39
256	512	128	80	640	4488.18
256	512	256	160	320	4541.63
256	512	512	320	160	4569.52
256	512	1024	640	80	4580.15
256	512	2048	1280	40	4587.86
512	512	1	1	10000	3995.23
512	512	2	3	10000	4277.28
512	512	4	6	5120	4112.7
512	512	8	12	2560	4377.25
512	512	16	24	1280	4520.36
512	512	32	48	640	4572.04
512	512	64	96	320	4618.6
512	512	128	192	160	4646.23
512	512	256	384	80	4719
512	512	512	768	40	4730.46
512	512	1024	1536	20	4708.66
1024	512	1	4	5120	4527.95
1024	512	2	8	2560	4441.36
1024	512	4	16	1280	4551.44
1024	512	8	32	640	4641.68
1024	512	16	64	320	4690.09
1024	512	32	128	160	4714.38
1024	512	64	256	80	4726.86
1024	512	128	512	40	4733.31
1024	512	256	1024	20	4762.87
64	1024	1	0	10000	41.39
64	1024	2	0	10000	82.57
64	1024	4	1	10000	163.03
64	1024	8	2	10000	331.96
64	1024	16	4	10000	666.95
64	1024	32	8	10000	1319.92
64	1024	64	16	10000	2053.77
64	1024	128	33	5120	2435.44
64	1024	256	66	2560	2808.43
64	1024	512	132	1280	3170.92
64	1024	1024	264	640	3405.75
64	1024	2048	528	320	3511.8
64	1024	4096	1056	160	3589.87
128	1024	1	0	10000	249.74
128	1024	2	1	10000	504.76
128	1024	4	2	10000	1009.61
128	1024	8	4	10000	1997.76
128	1024	16	8	10000	2839.3
128	1024	32	17	5120	3316.69
128	1024	64	34	2560	3479
128	1024	128	68	1280	3859.39
128	1024	256	136	640	4064.37
128	1024	512	272	320	4190.99
128	1024	1024	544	160	4256.34
128	1024	2048	1088	80	4286.03
256	1024	1	1	10000	1360.29
256	1024	2	2	10000	2698.6
256	1024	4	4	10000	3531.07
256	1024	8	9	5120	3912.98
256	1024	16	18	2560	3898.15
256	1024	32	36	1280	4209.37
256	1024	64	72	640	4385.3
256	1024	128	144	320	4487.91
256	1024	256	288	160	4543.95
256	1024	512	576	80	4568.74
256	1024	1024	1152	40	4580.3
512	1024	1	2	10000	4004.06
512	1024	2	5	5120	4285.47
512	1024	4	10	2560	4114.17
512	1024	8	20	1280	4378.39
512	1024	16	40	640	4542.9
512	1024	32	80	320	4639.8
512	1024	64	160	160	4687.31
512	1024	128	320	80	4712.15
512	1024	256	640	40	4725.98
512	1024	512	1280	20	4731.65
1024	1024	1	6	2560	4535.91
1024	1024	2	12	1280	4444.6
1024	1024	4	24	640	4553.4
1024	1024	8	48	320	4638.96
1024	1024	16	96	160	4689.02
1024	1024	32	192	80	4714.63
1024	1024	64	384	40	4728.08
1024	1024	128	768	20	4798.85
1024	1024	256	1536	10	4782.56

